#doc name topic proportion ...
0	0	0.07215007215007214	0.2049062049062049	0.09090909090909091	0.08080808080808081	0.08225108225108226	0.06493506493506493	0.16594516594516595	0.08080808080808081	0.06493506493506493	0.09235209235209235
1	1	0.05767599660729432	0.1272264631043257	0.07463952502120441	0.13401187446988974	0.04919423240033927	0.09838846480067855	0.07463952502120441	0.2154368108566582	0.08821034775233248	0.08057675996607294
2	2	0.08518518518518518	0.20123456790123456	0.1259259259259259	0.07530864197530865	0.08024691358024691	0.08765432098765433	0.07777777777777778	0.10864197530864197	0.09876543209876543	0.05925925925925926
3	3	0.10344827586206896	0.10344827586206896	0.1053639846743295	0.08620689655172414	0.09770114942528736	0.1111111111111111	0.1053639846743295	0.11494252873563218	0.08620689655172414	0.08620689655172414
4	4	0.1111111111111111	0.08680555555555555	0.11631944444444445	0.09722222222222222	0.078125	0.078125	0.1267361111111111	0.12152777777777778	0.09375	0.09027777777777778
5	5	0.049266247379454925	0.25471698113207547	0.07232704402515723	0.06918238993710692	0.11844863731656184	0.07232704402515723	0.06813417190775681	0.07966457023060797	0.11844863731656184	0.09748427672955975
6	6	0.07355242566510173	0.07355242566510173	0.07042253521126761	0.09702660406885759	0.1298904538341158	0.09546165884194054	0.10641627543035993	0.13145539906103287	0.07042253521126761	0.15179968701095461
7	7	0.1956521739130435	0.14412238325281804	0.09863123993558776	0.029790660225442835	0.05475040257648953	0.029790660225442835	0.10305958132045089	0.16666666666666666	0.11473429951690821	0.06280193236714976
8	8	0.09803921568627451	0.09803921568627451	0.09803921568627451	0.09803921568627451	0.11546840958605664	0.09803921568627451	0.10021786492374728	0.09803921568627451	0.09803921568627451	0.09803921568627451
9	9	0.06756756756756757	0.13363363363363365	0.08108108108108109	0.07207207207207207	0.10960960960960961	0.13813813813813813	0.07957957957957958	0.13663663663663664	0.09009009009009009	0.0915915915915916
10	10	0.2156084656084656	0.09259259259259259	0.09523809523809523	0.1164021164021164	0.0701058201058201	0.07142857142857142	0.05952380952380952	0.09656084656084656	0.1111111111111111	0.07142857142857142
11	11	0.05808080808080808	0.1414141414141414	0.06565656565656566	0.059343434343434344	0.11237373737373738	0.09343434343434344	0.10606060606060606	0.08333333333333333	0.14772727272727273	0.13257575757575757
12	12	0.07575757575757576	0.17676767676767677	0.07575757575757576	0.08249158249158249	0.07575757575757576	0.13636363636363635	0.13131313131313133	0.08080808080808081	0.08922558922558922	0.07575757575757576
13	13	0.09178743961352658	0.07407407407407407	0.10144927536231885	0.10144927536231885	0.10628019323671498	0.10628019323671498	0.10628019323671498	0.09178743961352658	0.12077294685990338	0.0998389694041868
14	14	0.07516339869281045	0.1830065359477124	0.08823529411764706	0.07352941176470588	0.07679738562091504	0.07679738562091504	0.16666666666666666	0.08660130718954248	0.08823529411764706	0.08496732026143791
15	15	0.09259259259259259	0.10493827160493827	0.12551440329218108	0.09670781893004116	0.09259259259259259	0.09259259259259259	0.09259259259259259	0.09876543209876543	0.1111111111111111	0.09259259259259259
16	16	0.05228758169934641	0.10737628384687208	0.04481792717086835	0.12138188608776844	0.06722689075630252	0.10364145658263306	0.055088702147525676	0.2969187675070028	0.08403361344537816	0.06722689075630252
17	17	0.06405228758169934	0.09411764705882353	0.0784313725490196	0.06274509803921569	0.10065359477124183	0.07058823529411765	0.10065359477124183	0.2980392156862745	0.0718954248366013	0.058823529411764705
18	18	0.08669108669108669	0.12576312576312576	0.115995115995116	0.06227106227106227	0.07936507936507936	0.2026862026862027	0.11843711843711843	0.0695970695970696	0.06715506715506715	0.07203907203907203
19	19	0.05	0.17222222222222222	0.14444444444444443	0.06	0.06111111111111111	0.09111111111111111	0.11444444444444445	0.16777777777777778	0.07333333333333333	0.06555555555555556
20	20	0.06666666666666667	0.12148148148148148	0.1274074074074074	0.07407407407407407	0.13185185185185186	0.10814814814814815	0.11555555555555555	0.08296296296296296	0.08888888888888889	0.08296296296296296
21	21	0.08045977011494253	0.10217113665389528	0.08812260536398467	0.21583652618135377	0.06513409961685823	0.05874840357598978	0.08556832694763729	0.13154533844189017	0.09195402298850575	0.08045977011494253
22	22	0.045474045474045474	0.1552981552981553	0.12998712998713	0.07679107679107679	0.0429000429000429	0.04032604032604033	0.1527241527241527	0.2488202488202488	0.07722007722007722	0.030459030459030458
23	23	0.0644718792866941	0.07818930041152264	0.1646090534979424	0.06310013717421124	0.06995884773662552	0.26474622770919065	0.06584362139917696	0.0877914951989026	0.07133058984910837	0.06995884773662552
24	24	0.07042253521126761	0.13145539906103287	0.1189358372456964	0.10328638497652583	0.07198748043818466	0.11267605633802817	0.08607198748043818	0.09702660406885759	0.09389671361502347	0.11424100156494522
25	25	0.07646356033452807	0.11230585424133811	0.07048984468339307	0.07765830346475508	0.08482676224611709	0.1027479091995221	0.16367980884109917	0.09199522102747909	0.15770609318996415	0.06212664277180406
26	26	0.07042253521126761	0.15179968701095461	0.1189358372456964	0.07511737089201878	0.08450704225352113	0.1111111111111111	0.08763693270735524	0.09859154929577464	0.1267605633802817	0.07511737089201878
27	27	0.09118357487922706	0.14190821256038647	0.09359903381642512	0.04710144927536232	0.03804347826086957	0.19021739130434784	0.07729468599033816	0.06763285024154589	0.1570048309178744	0.09601449275362318
28	28	0.06805555555555555	0.12222222222222222	0.07361111111111111	0.06388888888888888	0.08611111111111111	0.07777777777777778	0.16944444444444445	0.1597222222222222	0.1125	0.06666666666666667
29	29	0.0837138508371385	0.1948249619482496	0.106544901065449	0.0700152207001522	0.0821917808219178	0.0837138508371385	0.1232876712328767	0.0684931506849315	0.091324200913242	0.0958904109589041
30	30	0.0735930735930736	0.09090909090909091	0.07792207792207792	0.07215007215007214	0.06493506493506493	0.15584415584415584	0.17027417027417027	0.13564213564213565	0.06493506493506493	0.09379509379509379
31	31	0.06864456079115765	0.08435136707388016	0.04537521815008726	0.06340895869691682	0.051774287376381616	0.10936591041303083	0.08202443280977312	0.1256544502617801	0.2297847585805701	0.13961605584642234
32	32	0.0599250936329588	0.06741573033707865	0.06367041198501873	0.06367041198501873	0.0749063670411985	0.15106117353308365	0.16104868913857678	0.1198501872659176	0.07865168539325842	0.15980024968789014
33	33	0.18655692729766804	0.10013717421124829	0.08367626886145405	0.10013717421124829	0.06858710562414266	0.06721536351165981	0.09739368998628258	0.12757201646090535	0.08093278463648834	0.0877914951989026
34	34	0.1084967320261438	0.09803921568627451	0.12156862745098039	0.08104575163398693	0.06013071895424837	0.13202614379084968	0.09934640522875816	0.12026143790849673	0.10065359477124183	0.0784313725490196
35	35	0.08771929824561403	0.08771929824561403	0.08771929824561403	0.10526315789473684	0.08771929824561403	0.14035087719298245	0.08771929824561403	0.10526315789473684	0.12280701754385964	0.08771929824561403
36	36	0.0625	0.1486111111111111	0.1	0.12083333333333333	0.06666666666666667	0.09444444444444444	0.1388888888888889	0.09444444444444444	0.1	0.07361111111111111
37	37	0.06018518518518518	0.12268518518518519	0.09490740740740741	0.059027777777777776	0.1388888888888889	0.1099537037037037	0.0625	0.15162037037037038	0.09722222222222222	0.10300925925925926
38	38	0.056338028169014086	0.13771517996870108	0.14710485133020346	0.0837245696400626	0.07981220657276995	0.07746478873239436	0.08450704225352113	0.10876369327073553	0.041471048513302036	0.18309859154929578
39	39	0.05711318795430945	0.16510903426791276	0.0529595015576324	0.10072689511941849	0.06438213914849429	0.07476635514018691	0.2949117341640706	0.0778816199376947	0.056074766355140186	0.056074766355140186
40	40	0.07994579945799458	0.15718157181571815	0.0975609756097561	0.0921409214092141	0.06639566395663957	0.12601626016260162	0.09349593495934959	0.08401084010840108	0.11788617886178862	0.08536585365853659
41	41	0.06491885143570537	0.18976279650436953	0.08863920099875156	0.11860174781523096	0.06991260923845194	0.09488139825218476	0.11860174781523096	0.12109862671660425	0.07116104868913857	0.062421972534332085
42	42	0.08558558558558559	0.11411411411411411	0.08108108108108109	0.12012012012012012	0.08858858858858859	0.0945945945945946	0.0945945945945946	0.1036036036036036	0.12912912912912913	0.08858858858858859
43	43	0.1879432624113475	0.15011820330969267	0.07328605200945626	0.07565011820330969	0.05319148936170213	0.07210401891252956	0.16548463356973994	0.09456264775413711	0.07328605200945626	0.054373522458628844
44	44	0.08333333333333333	0.08333333333333333	0.09259259259259259	0.08333333333333333	0.10185185185185185	0.11481481481481481	0.1	0.09074074074074075	0.08703703703703704	0.16296296296296298
45	45	0.11896745230078563	0.16049382716049382	0.07519640852974187	0.1335578002244669	0.08080808080808081	0.10662177328843996	0.06846240179573512	0.06172839506172839	0.1324354657687991	0.06172839506172839
46	46	0.06257982120051085	0.1136653895274585	0.09323116219667944	0.06896551724137931	0.07407407407407407	0.13409961685823754	0.09961685823754789	0.1136653895274585	0.14942528735632185	0.09067688378033206
47	47	0.0529595015576324	0.2201453790238837	0.10695742471443406	0.05711318795430945	0.1111111111111111	0.10176531671858775	0.13811007268951195	0.04776739356178609	0.09865005192107996	0.06542056074766354
48	48	0.07912457912457913	0.09427609427609428	0.14646464646464646	0.08585858585858586	0.09427609427609428	0.09427609427609428	0.09764309764309764	0.132996632996633	0.09932659932659933	0.07575757575757576
49	49	0.0664488017429194	0.1056644880174292	0.08496732026143791	0.07952069716775599	0.0784313725490196	0.06209150326797386	0.210239651416122	0.09912854030501089	0.10784313725490197	0.1056644880174292
50	50	0.0823045267489712	0.17695473251028807	0.09739368998628258	0.0850480109739369	0.06172839506172839	0.13031550068587106	0.14540466392318244	0.08916323731138547	0.06584362139917696	0.06584362139917696
51	51	0.08422939068100359	0.12724014336917563	0.0967741935483871	0.11827956989247312	0.11469534050179211	0.08064516129032258	0.0985663082437276	0.09498207885304659	0.08064516129032258	0.1039426523297491
52	52	0.05228758169934641	0.10457516339869281	0.07625272331154684	0.12636165577342048	0.07952069716775599	0.08387799564270153	0.1383442265795207	0.18082788671023964	0.07952069716775599	0.0784313725490196
53	53	0.11701081612586037	0.1071779744346116	0.0776794493608653	0.06293018682399214	0.06293018682399214	0.07669616519174041	0.3048180924287119	0.0688298918387414	0.061946902654867256	0.0599803343166175
54	54	0.08585858585858586	0.2037037037037037	0.08754208754208755	0.09259259259259259	0.07575757575757576	0.10774410774410774	0.09259259259259259	0.09764309764309764	0.08080808080808081	0.07575757575757576
55	55	0.08333333333333333	0.16111111111111112	0.10740740740740741	0.08333333333333333	0.10185185185185185	0.10555555555555556	0.08518518518518518	0.08333333333333333	0.10555555555555556	0.08333333333333333
56	56	0.057387057387057384	0.08180708180708181	0.10012210012210013	0.07203907203907203	0.22466422466422467	0.08302808302808302	0.06349206349206349	0.10134310134310134	0.1330891330891331	0.08302808302808302
57	57	0.04950495049504951	0.050605060506050605	0.1573157315731573	0.0638063806380638	0.23982398239823982	0.05500550055005501	0.04950495049504951	0.08800880088008801	0.1771177117711771	0.06930693069306931
58	58	0.029556650246305417	0.05363984674329502	0.12479474548440066	0.07170224411603722	0.30158730158730157	0.11986863711001643	0.024630541871921183	0.0722495894909688	0.1532567049808429	0.04871373836891078
59	59	0.08925318761384335	0.10018214936247723	0.08925318761384335	0.08378870673952642	0.11293260473588343	0.08378870673952642	0.16029143897996356	0.10382513661202186	0.09289617486338798	0.08378870673952642
60	60	0.06233062330623306	0.06097560975609756	0.16802168021680217	0.06639566395663957	0.24932249322493225	0.06775067750677506	0.06910569105691057	0.09349593495934959	0.08536585365853659	0.07723577235772358
61	61	0.07936507936507936	0.12522045855379188	0.12698412698412698	0.09523809523809523	0.08641975308641975	0.10405643738977072	0.09523809523809523	0.12698412698412698	0.07936507936507936	0.08112874779541446
62	62	0.08620689655172414	0.09770114942528736	0.08620689655172414	0.1360153256704981	0.1206896551724138	0.09003831417624521	0.08620689655172414	0.12260536398467432	0.08620689655172414	0.08812260536398467
63	63	0.06329113924050633	0.07876230661040788	0.22644163150492264	0.090014064697609	0.13361462728551335	0.07313642756680731	0.06610407876230662	0.10689170182841069	0.06329113924050633	0.09845288326300984
64	64	0.09259259259259259	0.09876543209876543	0.1111111111111111	0.09259259259259259	0.09259259259259259	0.09259259259259259	0.10699588477366255	0.10905349794238683	0.09259259259259259	0.1111111111111111
65	65	0.11324786324786325	0.09615384615384616	0.11538461538461539	0.09615384615384616	0.09615384615384616	0.09615384615384616	0.09829059829059829	0.09615384615384616	0.09615384615384616	0.09615384615384616
66	66	0.08112874779541446	0.10582010582010581	0.1146384479717813	0.09523809523809523	0.14109347442680775	0.07936507936507936	0.07936507936507936	0.10934744268077601	0.10934744268077601	0.08465608465608465
67	67	0.1308016877637131	0.09423347398030943	0.10126582278481013	0.11814345991561181	0.1518987341772152	0.07032348804500703	0.08157524613220815	0.07172995780590717	0.1111111111111111	0.06891701828410689
68	68	0.13932980599647266	0.08289241622574955	0.1146384479717813	0.1128747795414462	0.07936507936507936	0.10934744268077601	0.08994708994708994	0.08641975308641975	0.09700176366843033	0.08818342151675485
69	69	0.09433962264150944	0.09853249475890985	0.1069182389937107	0.09433962264150944	0.11949685534591195	0.1069182389937107	0.09433962264150944	0.09643605870020965	0.09433962264150944	0.09433962264150944
70	70	0.13178294573643412	0.12661498708010335	0.06589147286821706	0.19638242894056848	0.06589147286821706	0.059431524547803614	0.11627906976744186	0.09043927648578812	0.06718346253229975	0.08010335917312661
71	71	0.2252663622526636	0.0684931506849315	0.0867579908675799	0.0882800608828006	0.0867579908675799	0.1095890410958904	0.076103500761035	0.0776255707762557	0.1019786910197869	0.0791476407914764
72	72	0.10272536687631027	0.09433962264150944	0.11320754716981132	0.09433962264150944	0.09433962264150944	0.1069182389937107	0.09433962264150944	0.09433962264150944	0.09433962264150944	0.1111111111111111
73	73	0.1111111111111111	0.10082304526748971	0.09259259259259259	0.09259259259259259	0.09259259259259259	0.09259259259259259	0.09259259259259259	0.1111111111111111	0.09259259259259259	0.12139917695473251
74	74	0.14285714285714285	0.07142857142857142	0.11587301587301588	0.1	0.09047619047619047	0.0746031746031746	0.1	0.09365079365079365	0.1349206349206349	0.0761904761904762
75	75	0.10281923714759536	0.0912106135986733	0.0812603648424544	0.18407960199004975	0.08955223880597014	0.0812603648424544	0.10281923714759536	0.09950248756218906	0.0912106135986733	0.07628524046434494
76	76	0.028940568475452195	0.11989664082687339	0.06046511627906977	0.06253229974160207	0.037209302325581395	0.05116279069767442	0.32506459948320415	0.21912144702842376	0.06821705426356589	0.02739018087855297
77	77	0.09259259259259259	0.1111111111111111	0.1111111111111111	0.09259259259259259	0.1111111111111111	0.09876543209876543	0.102880658436214	0.09259259259259259	0.09465020576131687	0.09259259259259259
78	78	0.09090909090909091	0.10533910533910534	0.07792207792207792	0.08225108225108226	0.07792207792207792	0.1038961038961039	0.1673881673881674	0.16017316017316016	0.06493506493506493	0.06926406926406926
79	79	0.08333333333333333	0.08518518518518518	0.08333333333333333	0.1	0.08333333333333333	0.1	0.20555555555555555	0.09074074074074075	0.08333333333333333	0.08518518518518518
80	80	0.045167118337850046	0.27822944896115626	0.08491418247515808	0.04065040650406504	0.05058717253839205	0.08039747064137308	0.1842818428184282	0.0939476061427281	0.053297199638663056	0.08852755194218609
81	81	0.07462686567164178	0.07462686567164178	0.07462686567164178	0.0812603648424544	0.19237147595356552	0.18739635157545606	0.08291873963515754	0.07628524046434494	0.0779436152570481	0.0779436152570481
82	82	0.11019283746556474	0.15151515151515152	0.09871441689623507	0.06198347107438017	0.0775941230486685	0.0472910927456382	0.08631772268135904	0.19651056014692378	0.10009182736455463	0.06978879706152434
83	83	0.06910569105691057	0.13143631436314362	0.09078590785907859	0.12601626016260162	0.06233062330623306	0.0921409214092141	0.15311653116531165	0.09620596205962059	0.11382113821138211	0.06504065040650407
84	84	0.07407407407407407	0.06944444444444445	0.10648148148148148	0.10185185185185185	0.08796296296296297	0.1111111111111111	0.14660493827160495	0.06944444444444445	0.1111111111111111	0.12191358024691358
85	85	0.05895691609977324	0.10317460317460317	0.09750566893424037	0.0691609977324263	0.06575963718820861	0.1292517006802721	0.26643990929705214	0.10657596371882086	0.05215419501133787	0.05102040816326531
86	86	0.06666666666666667	0.07037037037037037	0.1382716049382716	0.06296296296296296	0.07407407407407407	0.08148148148148149	0.21604938271604937	0.05802469135802469	0.16049382716049382	0.07160493827160494
87	87	0.08064516129032258	0.08781362007168458	0.08960573476702509	0.08422939068100359	0.08064516129032258	0.12365591397849462	0.15770609318996415	0.08064516129032258	0.13261648745519714	0.08243727598566308
88	88	0.08771929824561403	0.08771929824561403	0.08771929824561403	0.08771929824561403	0.15789473684210525	0.08771929824561403	0.08771929824561403	0.08771929824561403	0.14035087719298245	0.08771929824561403
89	89	0.12052730696798493	0.11864406779661017	0.09792843691148775	0.0847457627118644	0.08851224105461393	0.1016949152542373	0.08662900188323917	0.12429378531073447	0.09227871939736347	0.0847457627118644
90	90	0.09615384615384616	0.09615384615384616	0.1346153846153846	0.09615384615384616	0.09615384615384616	0.09615384615384616	0.09615384615384616	0.09615384615384616	0.09615384615384616	0.09615384615384616
91	91	0.1	0.1	0.1	0.1	0.1	0.1	0.1	0.1	0.1	0.1
92	92	0.1	0.1	0.1	0.1	0.1	0.1	0.1	0.1	0.1	0.1
93	93	0.09494949494949495	0.09494949494949495	0.1414141414141414	0.09090909090909091	0.09090909090909091	0.10505050505050505	0.09090909090909091	0.10909090909090909	0.09090909090909091	0.09090909090909091
94	94	0.06928104575163399	0.1084967320261438	0.09673202614379085	0.11764705882352941	0.10588235294117647	0.058823529411764705	0.1895424836601307	0.09019607843137255	0.08496732026143791	0.0784313725490196
95	95	0.09551656920077972	0.10526315789473684	0.12280701754385964	0.11500974658869395	0.0935672514619883	0.10136452241715399	0.09551656920077972	0.09161793372319688	0.08966861598440545	0.08966861598440545
96	96	0.08928571428571429	0.09722222222222222	0.125	0.0992063492063492	0.125	0.08928571428571429	0.08928571428571429	0.0992063492063492	0.09325396825396826	0.09325396825396826
97	97	0.09090909090909091	0.09090909090909091	0.10101010101010101	0.09292929292929293	0.12121212121212122	0.09898989898989899	0.09696969696969697	0.10707070707070707	0.10707070707070707	0.09292929292929293
98	98	0.09803921568627451	0.1111111111111111	0.09803921568627451	0.09803921568627451	0.10239651416122005	0.09803921568627451	0.10021786492374728	0.09803921568627451	0.09803921568627451	0.09803921568627451
99	99	0.1	0.1	0.1	0.1	0.1	0.1	0.1	0.1	0.1	0.1
100	100	0.11299435028248588	0.10357815442561205	0.1318267419962335	0.09981167608286252	0.0847457627118644	0.0847457627118644	0.0847457627118644	0.09792843691148775	0.09792843691148775	0.1016949152542373
101	101	0.2074074074074074	0.10814814814814815	0.08444444444444445	0.09185185185185185	0.07851851851851852	0.0725925925925926	0.08148148148148149	0.1111111111111111	0.08592592592592592	0.07851851851851852
102	102	0.09853249475890985	0.09433962264150944	0.09853249475890985	0.10482180293501048	0.09433962264150944	0.09433962264150944	0.09433962264150944	0.11320754716981132	0.09433962264150944	0.11320754716981132
103	103	0.12296296296296297	0.10962962962962963	0.09777777777777778	0.11703703703703704	0.07555555555555556	0.06666666666666667	0.10814814814814815	0.14222222222222222	0.08	0.08
104	104	0.08771929824561403	0.15789473684210525	0.08771929824561403	0.10721247563352826	0.08771929824561403	0.12085769980506822	0.08771929824561403	0.08771929824561403	0.08771929824561403	0.08771929824561403
105	105	0.09433962264150944	0.09433962264150944	0.10062893081761007	0.09433962264150944	0.1111111111111111	0.09433962264150944	0.09433962264150944	0.1069182389937107	0.11530398322851153	0.09433962264150944
106	106	0.09615384615384616	0.09615384615384616	0.11965811965811966	0.09615384615384616	0.09615384615384616	0.09615384615384616	0.09615384615384616	0.09615384615384616	0.1111111111111111	0.09615384615384616
107	107	0.09696969696969697	0.09090909090909091	0.09090909090909091	0.12727272727272726	0.09090909090909091	0.09090909090909091	0.12727272727272726	0.09090909090909091	0.10303030303030303	0.09090909090909091
108	108	0.08662900188323917	0.0847457627118644	0.0847457627118644	0.1337099811676083	0.1224105461393597	0.09792843691148775	0.11864406779661017	0.0847457627118644	0.1016949152542373	0.0847457627118644
109	109	0.09259259259259259	0.09259259259259259	0.10082304526748971	0.09259259259259259	0.1111111111111111	0.09259259259259259	0.09259259259259259	0.12962962962962962	0.102880658436214	0.09259259259259259
110	110	0.08064516129032258	0.0967741935483871	0.08064516129032258	0.08064516129032258	0.0967741935483871	0.08064516129032258	0.10931899641577061	0.0931899641577061	0.0967741935483871	0.18458781362007168
111	111	0.0847457627118644	0.1318267419962335	0.0847457627118644	0.0847457627118644	0.08662900188323917	0.1016949152542373	0.09981167608286252	0.13559322033898305	0.0847457627118644	0.10546139359698682
112	112	0.0847457627118644	0.08851224105461393	0.09227871939736347	0.09227871939736347	0.11864406779661017	0.1638418079096045	0.0847457627118644	0.0847457627118644	0.0847457627118644	0.10546139359698682
113	113	0.09615384615384616	0.09615384615384616	0.1346153846153846	0.09615384615384616	0.09615384615384616	0.09615384615384616	0.09615384615384616	0.09615384615384616	0.09615384615384616	0.09615384615384616
114	114	0.09433962264150944	0.1320754716981132	0.09433962264150944	0.09643605870020965	0.09433962264150944	0.09433962264150944	0.09433962264150944	0.09433962264150944	0.1111111111111111	0.09433962264150944
115	115	0.09433962264150944	0.09433962264150944	0.1320754716981132	0.09433962264150944	0.09433962264150944	0.09433962264150944	0.09433962264150944	0.09433962264150944	0.11320754716981132	0.09433962264150944
116	116	0.09803921568627451	0.09803921568627451	0.11764705882352941	0.09803921568627451	0.09803921568627451	0.09803921568627451	0.09803921568627451	0.09803921568627451	0.09803921568627451	0.09803921568627451
117	117	0.09090909090909091	0.09292929292929293	0.1393939393939394	0.09090909090909091	0.09090909090909091	0.10909090909090909	0.09090909090909091	0.10505050505050505	0.09090909090909091	0.09898989898989899
118	118	0.09259259259259259	0.09259259259259259	0.11316872427983539	0.1111111111111111	0.09259259259259259	0.09259259259259259	0.09259259259259259	0.12757201646090535	0.09259259259259259	0.09259259259259259
119	119	0.08064516129032258	0.15770609318996415	0.0967741935483871	0.1003584229390681	0.09498207885304659	0.11827956989247312	0.08064516129032258	0.08064516129032258	0.09498207885304659	0.09498207885304659
120	120	0.06262626262626263	0.1808080808080808	0.09898989898989899	0.10404040404040404	0.09797979797979799	0.10808080808080808	0.09595959595959595	0.09696969696969697	0.08484848484848485	0.0696969696969697
121	121	0.054982817869415807	0.12142038946162657	0.06872852233676977	0.20389461626575028	0.0572737686139748	0.052691867124856816	0.10309278350515463	0.14776632302405499	0.056128293241695305	0.13402061855670103
122	122	0.07235142118863049	0.07235142118863049	0.1227390180878553	0.07235142118863049	0.13049095607235142	0.08527131782945736	0.11369509043927649	0.12661498708010335	0.10594315245478036	0.09819121447028424
123	123	0.08708708708708708	0.1831831831831832	0.11261261261261261	0.08708708708708708	0.0945945945945946	0.08558558558558559	0.09759759759759759	0.0945945945945946	0.08558558558558559	0.07207207207207207
124	124	0.06666666666666667	0.1111111111111111	0.1543859649122807	0.0608187134502924	0.1672514619883041	0.05730994152046784	0.0783625730994152	0.07134502923976609	0.1543859649122807	0.0783625730994152
125	125	0.03378817413905133	0.050032488628979854	0.037686809616634176	0.07342430149447693	0.042884990253411304	0.05847953216374269	0.4587394411955815	0.16374269005847952	0.043534762833008445	0.037686809616634176
126	126	0.09259259259259259	0.09259259259259259	0.09259259259259259	0.09259259259259259	0.1440329218106996	0.09259259259259259	0.1111111111111111	0.09670781893004116	0.09259259259259259	0.09259259259259259
127	127	0.10303030303030303	0.10909090909090909	0.09090909090909091	0.09696969696969697	0.09090909090909091	0.09090909090909091	0.14343434343434344	0.09090909090909091	0.09090909090909091	0.09292929292929293
128	128	0.08157524613220815	0.13220815752461323	0.06751054852320675	0.07735583684950774	0.07032348804500703	0.1308016877637131	0.19831223628691982	0.10548523206751055	0.06329113924050633	0.07313642756680731
129	129	0.0836940836940837	0.0836940836940837	0.10533910533910534	0.09523809523809523	0.08946608946608947	0.08802308802308802	0.18037518037518038	0.08946608946608947	0.08080808080808081	0.1038961038961039
130	130	0.10256410256410256	0.0811965811965812	0.07977207977207977	0.07692307692307693	0.0641025641025641	0.07977207977207977	0.24786324786324787	0.1168091168091168	0.07122507122507123	0.07977207977207977
131	131	0.09259259259259259	0.09259259259259259	0.12345679012345678	0.09670781893004116	0.09259259259259259	0.10905349794238683	0.09259259259259259	0.09259259259259259	0.11522633744855967	0.09259259259259259
132	132	0.09433962264150944	0.11320754716981132	0.09433962264150944	0.09433962264150944	0.09433962264150944	0.09433962264150944	0.11949685534591195	0.1069182389937107	0.09433962264150944	0.09433962264150944
133	133	0.1917989417989418	0.07142857142857142	0.07539682539682539	0.09656084656084656	0.06084656084656084	0.07142857142857142	0.19444444444444445	0.09391534391534391	0.07142857142857142	0.07275132275132275
134	134	0.09578544061302682	0.09003831417624521	0.08620689655172414	0.08620689655172414	0.08620689655172414	0.10344827586206896	0.1839080459770115	0.09578544061302682	0.08620689655172414	0.08620689655172414
135	135	0.07352941176470588	0.07352941176470588	0.08823529411764706	0.07352941176470588	0.07352941176470588	0.07352941176470588	0.23039215686274508	0.12254901960784313	0.07516339869281045	0.11601307189542484
136	136	0.0978441127694859	0.09286898839137644	0.0945273631840796	0.0845771144278607	0.0779436152570481	0.09618573797678276	0.175787728026534	0.1310116086235489	0.07462686567164178	0.07462686567164178
137	137	0.07828282828282829	0.11742424242424243	0.09343434343434344	0.10479797979797979	0.056818181818181816	0.06818181818181818	0.11742424242424243	0.21212121212121213	0.05808080808080808	0.09343434343434344
138	138	0.08771929824561403	0.10721247563352826	0.09161793372319688	0.08771929824561403	0.08771929824561403	0.12280701754385964	0.14619883040935672	0.0935672514619883	0.08771929824561403	0.08771929824561403
139	139	0.08771929824561403	0.08771929824561403	0.08771929824561403	0.10526315789473684	0.08966861598440545	0.08771929824561403	0.14035087719298245	0.10331384015594541	0.08966861598440545	0.12085769980506822
140	140	0.0804093567251462	0.06725146198830409	0.07309941520467836	0.08333333333333333	0.07017543859649122	0.17105263157894737	0.24561403508771928	0.07309941520467836	0.06725146198830409	0.06871345029239766
141	141	0.08333333333333333	0.078125	0.08506944444444445	0.08506944444444445	0.08680555555555555	0.125	0.17881944444444445	0.10590277777777778	0.078125	0.09375
142	142	0.09433962264150944	0.09643605870020965	0.10272536687631027	0.12159329140461216	0.11320754716981132	0.09433962264150944	0.09433962264150944	0.09433962264150944	0.09433962264150944	0.09433962264150944
143	143	0.05808080808080808	0.14267676767676768	0.10227272727272728	0.11363636363636363	0.07323232323232323	0.056818181818181816	0.06944444444444445	0.1717171717171717	0.10101010101010101	0.1111111111111111
144	144	0.09803921568627451	0.09803921568627451	0.11764705882352941	0.09803921568627451	0.09803921568627451	0.09803921568627451	0.09803921568627451	0.09803921568627451	0.09803921568627451	0.09803921568627451
145	145	0.09803921568627451	0.09803921568627451	0.11764705882352941	0.09803921568627451	0.09803921568627451	0.09803921568627451	0.09803921568627451	0.09803921568627451	0.09803921568627451	0.09803921568627451
146	146	0.09803921568627451	0.09803921568627451	0.11546840958605664	0.10021786492374728	0.09803921568627451	0.09803921568627451	0.09803921568627451	0.09803921568627451	0.09803921568627451	0.09803921568627451
147	147	0.09090909090909091	0.13737373737373737	0.11515151515151516	0.09090909090909091	0.09090909090909091	0.09090909090909091	0.09090909090909091	0.1111111111111111	0.09090909090909091	0.09090909090909091
148	148	0.1	0.1	0.1	0.1	0.1	0.1	0.1	0.1	0.1	0.1
149	149	0.1	0.1	0.1	0.1	0.1	0.1	0.1	0.1	0.1	0.1
150	150	0.09615384615384616	0.1047008547008547	0.10683760683760683	0.09615384615384616	0.11538461538461539	0.09615384615384616	0.09615384615384616	0.09615384615384616	0.09615384615384616	0.09615384615384616
151	151	0.09853249475890985	0.09433962264150944	0.11949685534591195	0.09433962264150944	0.09433962264150944	0.09433962264150944	0.09433962264150944	0.1111111111111111	0.10482180293501048	0.09433962264150944
152	152	0.0847457627118644	0.10546139359698682	0.1751412429378531	0.0847457627118644	0.0847457627118644	0.08662900188323917	0.09227871939736347	0.09981167608286252	0.1016949152542373	0.0847457627118644
153	153	0.09259259259259259	0.09259259259259259	0.12139917695473251	0.09259259259259259	0.09876543209876543	0.09259259259259259	0.09259259259259259	0.10082304526748971	0.11934156378600823	0.09670781893004116
154	154	0.09090909090909091	0.10707070707070707	0.14545454545454545	0.09090909090909091	0.09090909090909091	0.09090909090909091	0.09090909090909091	0.09090909090909091	0.10909090909090909	0.09292929292929293
155	155	0.06172839506172839	0.16498316498316498	0.16610549943883277	0.08754208754208755	0.0920314253647587	0.05723905723905724	0.0931537598204265	0.11335578002244669	0.1111111111111111	0.052749719416386086
156	156	0.08812260536398467	0.08620689655172414	0.13409961685823754	0.10153256704980843	0.08620689655172414	0.08620689655172414	0.08620689655172414	0.08620689655172414	0.15517241379310345	0.09003831417624521
157	157	0.09615384615384616	0.09615384615384616	0.09615384615384616	0.09615384615384616	0.09615384615384616	0.09615384615384616	0.09615384615384616	0.09615384615384616	0.09615384615384616	0.1346153846153846
158	158	0.06858710562414266	0.13031550068587106	0.07407407407407407	0.13443072702331962	0.1467764060356653	0.08916323731138547	0.07681755829903979	0.09327846364883402	0.08093278463648834	0.1056241426611797
159	159	0.2858683926645092	0.07119741100323625	0.0970873786407767	0.08845738942826321	0.06364617044228695	0.05070118662351672	0.06796116504854369	0.09492988133764833	0.08414239482200647	0.09600862998921252
160	160	0.08928571428571429	0.1349206349206349	0.10317460317460317	0.0992063492063492	0.10515873015873016	0.09126984126984126	0.08928571428571429	0.08928571428571429	0.10912698412698413	0.08928571428571429
161	161	0.05742821473158552	0.07116104868913857	0.08364544319600499	0.06741573033707865	0.16354556803995007	0.11860174781523096	0.10736579275905118	0.07990012484394507	0.11860174781523096	0.132334581772784
162	162	0.07981220657276995	0.09859154929577464	0.07511737089201878	0.07981220657276995	0.12206572769953052	0.13302034428794993	0.09233176838810642	0.07198748043818466	0.12206572769953052	0.12519561815336464
163	163	0.06818181818181818	0.22474747474747475	0.08712121212121213	0.12373737373737374	0.06186868686868687	0.06060606060606061	0.10732323232323232	0.13383838383838384	0.06818181818181818	0.06439393939393939
164	164	0.08620689655172414	0.15708812260536398	0.08620689655172414	0.1053639846743295	0.10344827586206896	0.09578544061302682	0.09195402298850575	0.09770114942528736	0.08620689655172414	0.09003831417624521
165	165	0.07981220657276995	0.12519561815336464	0.09076682316118936	0.14241001564945227	0.09859154929577464	0.07042253521126761	0.10172143974960876	0.107981220657277	0.07042253521126761	0.11267605633802817
166	166	0.09803921568627451	0.09803921568627451	0.09803921568627451	0.09803921568627451	0.09803921568627451	0.09803921568627451	0.09803921568627451	0.09803921568627451	0.11764705882352941	0.09803921568627451
167	167	0.09615384615384616	0.09615384615384616	0.1346153846153846	0.09615384615384616	0.09615384615384616	0.09615384615384616	0.09615384615384616	0.09615384615384616	0.09615384615384616	0.09615384615384616
168	168	0.07702020202020202	0.13762626262626262	0.08080808080808081	0.2638888888888889	0.08080808080808081	0.07702020202020202	0.06565656565656566	0.08712121212121213	0.06313131313131314	0.06691919191919192
169	169	0.13409961685823754	0.08620689655172414	0.08620689655172414	0.15708812260536398	0.08812260536398467	0.08620689655172414	0.08620689655172414	0.08620689655172414	0.10344827586206896	0.08620689655172414
170	170	0.0686641697877653	0.06741573033707865	0.09113607990012484	0.19225967540574282	0.06741573033707865	0.1198501872659176	0.11485642946317104	0.07116104868913857	0.06491885143570537	0.14232209737827714
171	171	0.09126984126984126	0.08928571428571429	0.10119047619047619	0.16468253968253968	0.08928571428571429	0.08928571428571429	0.08928571428571429	0.10714285714285714	0.08928571428571429	0.08928571428571429
172	172	0.09670781893004116	0.102880658436214	0.12345679012345678	0.09259259259259259	0.12139917695473251	0.09259259259259259	0.09259259259259259	0.09259259259259259	0.09259259259259259	0.09259259259259259
173	173	0.20671834625322996	0.07751937984496124	0.07881136950904392	0.1731266149870801	0.06847545219638243	0.07364341085271318	0.09560723514211886	0.09560723514211886	0.0710594315245478	0.059431524547803614
174	174	0.06060606060606061	0.19065656565656566	0.06313131313131314	0.12626262626262627	0.056818181818181816	0.06691919191919192	0.08080808080808081	0.12247474747474747	0.10101010101010101	0.13131313131313133
175	175	0.09615384615384616	0.09615384615384616	0.1346153846153846	0.09615384615384616	0.09615384615384616	0.09615384615384616	0.09615384615384616	0.09615384615384616	0.09615384615384616	0.09615384615384616
176	176	0.078125	0.09375	0.08854166666666667	0.1527777777777778	0.08680555555555555	0.078125	0.0954861111111111	0.14583333333333334	0.09375	0.08680555555555555
177	177	0.09803921568627451	0.09803921568627451	0.09803921568627451	0.09803921568627451	0.09803921568627451	0.09803921568627451	0.11764705882352941	0.09803921568627451	0.09803921568627451	0.09803921568627451
178	178	0.09433962264150944	0.09433962264150944	0.1488469601677149	0.09433962264150944	0.09433962264150944	0.09433962264150944	0.09433962264150944	0.09643605870020965	0.09433962264150944	0.09433962264150944
179	179	0.09433962264150944	0.09433962264150944	0.11320754716981132	0.09433962264150944	0.09433962264150944	0.11320754716981132	0.09433962264150944	0.09433962264150944	0.1111111111111111	0.09643605870020965
180	180	0.10714285714285714	0.08928571428571429	0.12301587301587301	0.10515873015873016	0.08928571428571429	0.08928571428571429	0.08928571428571429	0.0992063492063492	0.11706349206349206	0.09126984126984126
181	181	0.31835205992509363	0.10112359550561797	0.08863920099875156	0.0898876404494382	0.06991260923845194	0.08114856429463171	0.07365792759051186	0.056179775280898875	0.062421972534332085	0.05867665418227216
182	182	0.09615384615384616	0.09615384615384616	0.13247863247863248	0.09615384615384616	0.09615384615384616	0.09615384615384616	0.09615384615384616	0.09615384615384616	0.09829059829059829	0.09615384615384616
183	183	0.09803921568627451	0.10021786492374728	0.11546840958605664	0.09803921568627451	0.09803921568627451	0.09803921568627451	0.09803921568627451	0.09803921568627451	0.09803921568627451	0.09803921568627451
184	184	0.09259259259259259	0.09259259259259259	0.14814814814814814	0.09259259259259259	0.1111111111111111	0.09259259259259259	0.09259259259259259	0.09259259259259259	0.09259259259259259	0.09259259259259259
185	185	0.07956104252400549	0.11248285322359397	0.1056241426611797	0.06858710562414266	0.09602194787379972	0.08093278463648834	0.07956104252400549	0.23868312757201646	0.07544581618655692	0.06310013717421124
186	186	0.09433962264150944	0.09433962264150944	0.09433962264150944	0.1320754716981132	0.10062893081761007	0.09433962264150944	0.09433962264150944	0.09433962264150944	0.09433962264150944	0.1069182389937107
187	187	0.07142857142857142	0.15714285714285714	0.07936507936507936	0.12380952380952381	0.08571428571428572	0.07142857142857142	0.07142857142857142	0.1365079365079365	0.12698412698412698	0.0761904761904762
188	188	0.07936507936507936	0.13227513227513227	0.08641975308641975	0.07936507936507936	0.12345679012345678	0.16049382716049382	0.07936507936507936	0.09876543209876543	0.08112874779541446	0.07936507936507936
189	189	0.06469760900140648	0.12517580872011252	0.09845288326300984	0.08438818565400844	0.08860759493670886	0.09985935302390998	0.14345991561181434	0.13924050632911392	0.07454289732770746	0.08157524613220815
190	190	0.09433962264150944	0.11320754716981132	0.09433962264150944	0.09433962264150944	0.09433962264150944	0.11320754716981132	0.11320754716981132	0.09433962264150944	0.09433962264150944	0.09433962264150944
191	191	0.25163398692810457	0.08986928104575163	0.0915032679738562	0.07352941176470588	0.07352941176470588	0.08169934640522876	0.0915032679738562	0.09640522875816994	0.07679738562091504	0.07352941176470588
192	192	0.06666666666666667	0.06666666666666667	0.08444444444444445	0.06814814814814815	0.11259259259259259	0.15703703703703703	0.08	0.09777777777777778	0.09185185185185185	0.1748148148148148
193	193	0.07046070460704607	0.13279132791327913	0.11517615176151762	0.13143631436314362	0.07994579945799458	0.10840108401084012	0.08807588075880758	0.1002710027100271	0.06910569105691057	0.1043360433604336
194	194	0.09259259259259259	0.12551440329218108	0.10905349794238683	0.09259259259259259	0.1111111111111111	0.09876543209876543	0.09259259259259259	0.09259259259259259	0.09259259259259259	0.09259259259259259
195	195	0.09027777777777778	0.17708333333333334	0.08506944444444445	0.078125	0.078125	0.078125	0.0920138888888889	0.14583333333333334	0.09722222222222222	0.078125
196	196	0.09722222222222222	0.09325396825396826	0.0992063492063492	0.1111111111111111	0.09722222222222222	0.08928571428571429	0.09523809523809523	0.1388888888888889	0.08928571428571429	0.08928571428571429
197	197	0.0947176684881603	0.08196721311475409	0.1092896174863388	0.10382513661202186	0.09289617486338798	0.10200364298724955	0.10018214936247723	0.11475409836065574	0.09836065573770492	0.10200364298724955
198	198	0.09259259259259259	0.12962962962962962	0.12345679012345678	0.09465020576131687	0.09465020576131687	0.09259259259259259	0.09259259259259259	0.09259259259259259	0.09465020576131687	0.09259259259259259
199	199	0.08662900188323917	0.09227871939736347	0.11299435028248588	0.08851224105461393	0.08662900188323917	0.1337099811676083	0.12994350282485875	0.0847457627118644	0.09981167608286252	0.0847457627118644
